{
 "cells": [
  {
   "cell_type": "code",
   "execution_count": 15,
   "id": "a101d635",
   "metadata": {},
   "outputs": [],
   "source": [
    "%load_ext autoreload\n",
    "%autoreload 2"
   ]
  },
  {
   "cell_type": "code",
   "execution_count": 16,
   "id": "32731555",
   "metadata": {},
   "outputs": [],
   "source": [
    "from src.generate_trees import calc_score, two_tail_prob"
   ]
  },
  {
   "cell_type": "code",
   "execution_count": 6,
   "id": "2cd1d5e5",
   "metadata": {},
   "outputs": [],
   "source": [
    "import pandas as pd\n",
    "import numpy as np"
   ]
  },
  {
   "cell_type": "code",
   "execution_count": 12,
   "id": "d3ae32b0",
   "metadata": {},
   "outputs": [],
   "source": [
    "faunastep = 0.5"
   ]
  },
  {
   "cell_type": "code",
   "execution_count": 3,
   "id": "562c835d",
   "metadata": {},
   "outputs": [],
   "source": [
    "detections = pd.DataFrame()\n",
    "\n",
    "detections[\"id\"] = [0, 1, 2]\n",
    "detections[\"time\"] = [0, 1, 2]\n",
    "detections[\"object_location\"] = [0, 0.5, 2]"
   ]
  },
  {
   "cell_type": "code",
   "execution_count": 17,
   "id": "fafe3989",
   "metadata": {},
   "outputs": [],
   "source": [
    "detections = pd.read_csv('../data/detections.csv')"
   ]
  },
  {
   "cell_type": "code",
   "execution_count": 18,
   "id": "df13d6c6",
   "metadata": {},
   "outputs": [
    {
     "data": {
      "text/html": [
       "<div>\n",
       "<style scoped>\n",
       "    .dataframe tbody tr th:only-of-type {\n",
       "        vertical-align: middle;\n",
       "    }\n",
       "\n",
       "    .dataframe tbody tr th {\n",
       "        vertical-align: top;\n",
       "    }\n",
       "\n",
       "    .dataframe thead th {\n",
       "        text-align: right;\n",
       "    }\n",
       "</style>\n",
       "<table border=\"1\" class=\"dataframe\">\n",
       "  <thead>\n",
       "    <tr style=\"text-align: right;\">\n",
       "      <th></th>\n",
       "      <th>id</th>\n",
       "      <th>camera_location</th>\n",
       "      <th>time</th>\n",
       "      <th>object_location</th>\n",
       "    </tr>\n",
       "  </thead>\n",
       "  <tbody>\n",
       "    <tr>\n",
       "      <th>0</th>\n",
       "      <td>0</td>\n",
       "      <td>0.0</td>\n",
       "      <td>0</td>\n",
       "      <td>0.292697</td>\n",
       "    </tr>\n",
       "    <tr>\n",
       "      <th>1</th>\n",
       "      <td>1</td>\n",
       "      <td>0.5</td>\n",
       "      <td>1</td>\n",
       "      <td>0.323818</td>\n",
       "    </tr>\n",
       "    <tr>\n",
       "      <th>2</th>\n",
       "      <td>2</td>\n",
       "      <td>2.0</td>\n",
       "      <td>4</td>\n",
       "      <td>2.433088</td>\n",
       "    </tr>\n",
       "    <tr>\n",
       "      <th>3</th>\n",
       "      <td>3</td>\n",
       "      <td>2.0</td>\n",
       "      <td>4</td>\n",
       "      <td>2.430191</td>\n",
       "    </tr>\n",
       "    <tr>\n",
       "      <th>4</th>\n",
       "      <td>4</td>\n",
       "      <td>2.5</td>\n",
       "      <td>5</td>\n",
       "      <td>2.391798</td>\n",
       "    </tr>\n",
       "    <tr>\n",
       "      <th>5</th>\n",
       "      <td>5</td>\n",
       "      <td>2.5</td>\n",
       "      <td>5</td>\n",
       "      <td>2.494960</td>\n",
       "    </tr>\n",
       "    <tr>\n",
       "      <th>6</th>\n",
       "      <td>6</td>\n",
       "      <td>3.0</td>\n",
       "      <td>6</td>\n",
       "      <td>2.513292</td>\n",
       "    </tr>\n",
       "    <tr>\n",
       "      <th>7</th>\n",
       "      <td>7</td>\n",
       "      <td>3.0</td>\n",
       "      <td>6</td>\n",
       "      <td>2.537622</td>\n",
       "    </tr>\n",
       "    <tr>\n",
       "      <th>8</th>\n",
       "      <td>8</td>\n",
       "      <td>7.0</td>\n",
       "      <td>14</td>\n",
       "      <td>7.162219</td>\n",
       "    </tr>\n",
       "    <tr>\n",
       "      <th>9</th>\n",
       "      <td>9</td>\n",
       "      <td>7.5</td>\n",
       "      <td>15</td>\n",
       "      <td>7.119493</td>\n",
       "    </tr>\n",
       "    <tr>\n",
       "      <th>10</th>\n",
       "      <td>10</td>\n",
       "      <td>7.5</td>\n",
       "      <td>15</td>\n",
       "      <td>7.801735</td>\n",
       "    </tr>\n",
       "    <tr>\n",
       "      <th>11</th>\n",
       "      <td>11</td>\n",
       "      <td>8.0</td>\n",
       "      <td>16</td>\n",
       "      <td>7.801142</td>\n",
       "    </tr>\n",
       "  </tbody>\n",
       "</table>\n",
       "</div>"
      ],
      "text/plain": [
       "    id  camera_location  time  object_location\n",
       "0    0              0.0     0         0.292697\n",
       "1    1              0.5     1         0.323818\n",
       "2    2              2.0     4         2.433088\n",
       "3    3              2.0     4         2.430191\n",
       "4    4              2.5     5         2.391798\n",
       "5    5              2.5     5         2.494960\n",
       "6    6              3.0     6         2.513292\n",
       "7    7              3.0     6         2.537622\n",
       "8    8              7.0    14         7.162219\n",
       "9    9              7.5    15         7.119493\n",
       "10  10              7.5    15         7.801735\n",
       "11  11              8.0    16         7.801142"
      ]
     },
     "execution_count": 18,
     "metadata": {},
     "output_type": "execute_result"
    }
   ],
   "source": [
    "detections"
   ]
  },
  {
   "cell_type": "code",
   "execution_count": 19,
   "id": "7728344d",
   "metadata": {},
   "outputs": [],
   "source": [
    "n_dets = len(detections)\n",
    "\n",
    "dists = np.zeros((len(detections), len(detections)))\n",
    "Dtime = np.zeros((len(detections), len(detections)))\n",
    "for i in range(n_dets):\n",
    "    for j in range(n_dets):\n",
    "        dists[i, j] = np.abs(detections.loc[i][\"object_location\"] - detections.loc[j][\"object_location\"])\n",
    "        Dtime[i, j] = np.abs(detections.loc[i][\"time\"] - detections.loc[j][\"time\"])"
   ]
  },
  {
   "cell_type": "code",
   "execution_count": 20,
   "id": "bb75cf8d",
   "metadata": {},
   "outputs": [
    {
     "data": {
      "text/plain": [
       "array([[0.00000000e+00, 3.11211932e-02, 2.14039136e+00, 2.13749401e+00,\n",
       "        2.09910120e+00, 2.20226277e+00, 2.22059555e+00, 2.24492518e+00,\n",
       "        6.86952248e+00, 6.82679660e+00, 7.50903816e+00, 7.50844525e+00],\n",
       "       [3.11211932e-02, 0.00000000e+00, 2.10927017e+00, 2.10637282e+00,\n",
       "        2.06798001e+00, 2.17114158e+00, 2.18947435e+00, 2.21380398e+00,\n",
       "        6.83840129e+00, 6.79567540e+00, 7.47791697e+00, 7.47732406e+00],\n",
       "       [2.14039136e+00, 2.10927017e+00, 0.00000000e+00, 2.89734374e-03,\n",
       "        4.12901593e-02, 6.18714099e-02, 8.02041884e-02, 1.04533819e-01,\n",
       "        4.72913112e+00, 4.68640524e+00, 5.36864680e+00, 5.36805390e+00],\n",
       "       [2.13749401e+00, 2.10637282e+00, 2.89734374e-03, 0.00000000e+00,\n",
       "        3.83928156e-02, 6.47687537e-02, 8.31015321e-02, 1.07431163e-01,\n",
       "        4.73202847e+00, 4.68930258e+00, 5.37154414e+00, 5.37095124e+00],\n",
       "       [2.09910120e+00, 2.06798001e+00, 4.12901593e-02, 3.83928156e-02,\n",
       "        0.00000000e+00, 1.03161569e-01, 1.21494348e-01, 1.45823979e-01,\n",
       "        4.77042128e+00, 4.72769540e+00, 5.40993696e+00, 5.40934406e+00],\n",
       "       [2.20226277e+00, 2.17114158e+00, 6.18714099e-02, 6.47687537e-02,\n",
       "        1.03161569e-01, 0.00000000e+00, 1.83327785e-02, 4.26624093e-02,\n",
       "        4.66725971e+00, 4.62453383e+00, 5.30677539e+00, 5.30618249e+00],\n",
       "       [2.22059555e+00, 2.18947435e+00, 8.02041884e-02, 8.31015321e-02,\n",
       "        1.21494348e-01, 1.83327785e-02, 0.00000000e+00, 2.43296308e-02,\n",
       "        4.64892694e+00, 4.60620105e+00, 5.28844261e+00, 5.28784971e+00],\n",
       "       [2.24492518e+00, 2.21380398e+00, 1.04533819e-01, 1.07431163e-01,\n",
       "        1.45823979e-01, 4.26624093e-02, 2.43296308e-02, 0.00000000e+00,\n",
       "        4.62459730e+00, 4.58187142e+00, 5.26411298e+00, 5.26352008e+00],\n",
       "       [6.86952248e+00, 6.83840129e+00, 4.72913112e+00, 4.73202847e+00,\n",
       "        4.77042128e+00, 4.66725971e+00, 4.64892694e+00, 4.62459730e+00,\n",
       "        0.00000000e+00, 4.27258847e-02, 6.39515676e-01, 6.38922773e-01],\n",
       "       [6.82679660e+00, 6.79567540e+00, 4.68640524e+00, 4.68930258e+00,\n",
       "        4.72769540e+00, 4.62453383e+00, 4.60620105e+00, 4.58187142e+00,\n",
       "        4.27258847e-02, 0.00000000e+00, 6.82241561e-01, 6.81648657e-01],\n",
       "       [7.50903816e+00, 7.47791697e+00, 5.36864680e+00, 5.37154414e+00,\n",
       "        5.40993696e+00, 5.30677539e+00, 5.28844261e+00, 5.26411298e+00,\n",
       "        6.39515676e-01, 6.82241561e-01, 0.00000000e+00, 5.92903506e-04],\n",
       "       [7.50844525e+00, 7.47732406e+00, 5.36805390e+00, 5.37095124e+00,\n",
       "        5.40934406e+00, 5.30618249e+00, 5.28784971e+00, 5.26352008e+00,\n",
       "        6.38922773e-01, 6.81648657e-01, 5.92903506e-04, 0.00000000e+00]])"
      ]
     },
     "execution_count": 20,
     "metadata": {},
     "output_type": "execute_result"
    }
   ],
   "source": [
    "dists"
   ]
  },
  {
   "cell_type": "code",
   "execution_count": 21,
   "id": "46003e73",
   "metadata": {},
   "outputs": [
    {
     "name": "stderr",
     "output_type": "stream",
     "text": [
      "/home/nader/Projects/thesis/benthic_targets/venv/lib/python3.6/site-packages/ipykernel_launcher.py:1: RuntimeWarning: divide by zero encountered in true_divide\n",
      "  \"\"\"Entry point for launching an IPython kernel.\n",
      "/home/nader/Projects/thesis/benthic_targets/venv/lib/python3.6/site-packages/ipykernel_launcher.py:1: RuntimeWarning: invalid value encountered in true_divide\n",
      "  \"\"\"Entry point for launching an IPython kernel.\n"
     ]
    }
   ],
   "source": [
    "z_stat = np.divide(dists,faunastep*Dtime)"
   ]
  },
  {
   "cell_type": "code",
   "execution_count": 22,
   "id": "1611c329",
   "metadata": {},
   "outputs": [
    {
     "data": {
      "text/plain": [
       "array([[           nan, 6.22423864e-02, 1.07019568e+00, 1.06874701e+00,\n",
       "        8.39640480e-01, 8.80905107e-01, 7.40198516e-01, 7.48308393e-01,\n",
       "        9.81360355e-01, 9.10239546e-01, 1.00120509e+00, 9.38555657e-01],\n",
       "       [6.22423864e-02,            nan, 1.40618011e+00, 1.40424855e+00,\n",
       "        1.03399000e+00, 1.08557079e+00, 8.75789742e-01, 8.85521594e-01,\n",
       "        1.05206174e+00, 9.70810772e-01, 1.06827385e+00, 9.96976542e-01],\n",
       "       [1.07019568e+00, 1.40618011e+00,            nan,            inf,\n",
       "        8.25803187e-02, 1.23742820e-01, 8.02041884e-02, 1.04533819e-01,\n",
       "        9.45826225e-01, 8.52073680e-01, 9.76117600e-01, 8.94675649e-01],\n",
       "       [1.06874701e+00, 1.40424855e+00,            inf,            nan,\n",
       "        7.67856312e-02, 1.29537507e-01, 8.31015321e-02, 1.07431163e-01,\n",
       "        9.46405693e-01, 8.52600470e-01, 9.76644390e-01, 8.95158540e-01],\n",
       "       [8.39640480e-01, 1.03399000e+00, 8.25803187e-02, 7.67856312e-02,\n",
       "                   nan,            inf, 2.42988695e-01, 2.91647957e-01,\n",
       "        1.06009362e+00, 9.45539080e-01, 1.08198739e+00, 9.83517101e-01],\n",
       "       [8.80905107e-01, 1.08557079e+00, 1.23742820e-01, 1.29537507e-01,\n",
       "                   inf,            nan, 3.66655570e-02, 8.53248186e-02,\n",
       "        1.03716883e+00, 9.24906766e-01, 1.06135508e+00, 9.64760452e-01],\n",
       "       [7.40198516e-01, 8.75789742e-01, 8.02041884e-02, 8.31015321e-02,\n",
       "        2.42988695e-01, 3.66655570e-02,            nan,            inf,\n",
       "        1.16223173e+00, 1.02360023e+00, 1.17520947e+00, 1.05756994e+00],\n",
       "       [7.48308393e-01, 8.85521594e-01, 1.04533819e-01, 1.07431163e-01,\n",
       "        2.91647957e-01, 8.53248186e-02,            inf,            nan,\n",
       "        1.15614933e+00, 1.01819365e+00, 1.16980288e+00, 1.05270402e+00],\n",
       "       [9.81360355e-01, 1.05206174e+00, 9.45826225e-01, 9.46405693e-01,\n",
       "        1.06009362e+00, 1.03716883e+00, 1.16223173e+00, 1.15614933e+00,\n",
       "                   nan, 8.54517694e-02, 1.27903135e+00, 6.38922773e-01],\n",
       "       [9.10239546e-01, 9.70810772e-01, 8.52073680e-01, 8.52600470e-01,\n",
       "        9.45539080e-01, 9.24906766e-01, 1.02360023e+00, 1.01819365e+00,\n",
       "        8.54517694e-02,            nan,            inf, 1.36329731e+00],\n",
       "       [1.00120509e+00, 1.06827385e+00, 9.76117600e-01, 9.76644390e-01,\n",
       "        1.08198739e+00, 1.06135508e+00, 1.17520947e+00, 1.16980288e+00,\n",
       "        1.27903135e+00,            inf,            nan, 1.18580701e-03],\n",
       "       [9.38555657e-01, 9.96976542e-01, 8.94675649e-01, 8.95158540e-01,\n",
       "        9.83517101e-01, 9.64760452e-01, 1.05756994e+00, 1.05270402e+00,\n",
       "        6.38922773e-01, 1.36329731e+00, 1.18580701e-03,            nan]])"
      ]
     },
     "execution_count": 22,
     "metadata": {},
     "output_type": "execute_result"
    }
   ],
   "source": [
    "z_stat"
   ]
  },
  {
   "cell_type": "code",
   "execution_count": 23,
   "id": "e6624798",
   "metadata": {},
   "outputs": [
    {
     "data": {
      "text/plain": [
       "array([[       nan, 0.95036981, 0.28453124, 0.28518368, 0.40111   ,\n",
       "        0.37836918, 0.45917955, 0.45427416, 0.32641507, 0.36269619,\n",
       "        0.31672767, 0.34795893],\n",
       "       [0.95036981,        nan, 0.15967065, 0.16024485, 0.30114084,\n",
       "        0.27766893, 0.38114435, 0.37587538, 0.29277123, 0.33164252,\n",
       "        0.285397  , 0.3187759 ],\n",
       "       [0.28453124, 0.15967065,        nan, 0.        , 0.93418525,\n",
       "        0.90151891, 0.93607486, 0.91674573, 0.34423723, 0.3941732 ,\n",
       "        0.32900619, 0.3709605 ],\n",
       "       [0.28518368, 0.16024485, 0.        ,        nan, 0.93879408,\n",
       "        0.89693235, 0.93377081, 0.91444693, 0.3439417 , 0.3938809 ,\n",
       "        0.32874523, 0.37070234],\n",
       "       [0.40111   , 0.30114084, 0.93418525, 0.93879408,        nan,\n",
       "        0.        , 0.80801415, 0.7705558 , 0.28910201, 0.34438373,\n",
       "        0.27925813, 0.325353  ],\n",
       "       [0.37836918, 0.27766893, 0.90151891, 0.89693235, 0.        ,\n",
       "               nan, 0.97075167, 0.93200316, 0.29965718, 0.35501441,\n",
       "        0.28852856, 0.33466481],\n",
       "       [0.45917955, 0.38114435, 0.93607486, 0.93377081, 0.80801415,\n",
       "        0.97075167,        nan, 0.        , 0.24514135, 0.30602413,\n",
       "        0.23991092, 0.29025155],\n",
       "       [0.45427416, 0.37587538, 0.91674573, 0.91444693, 0.7705558 ,\n",
       "        0.93200316, 0.        ,        nan, 0.24762008, 0.30858594,\n",
       "        0.2420803 , 0.29247667],\n",
       "       [0.32641507, 0.29277123, 0.34423723, 0.3439417 , 0.28910201,\n",
       "        0.29965718, 0.24514135, 0.24762008,        nan, 0.93190224,\n",
       "        0.20088602, 0.52287317],\n",
       "       [0.36269619, 0.33164252, 0.3941732 , 0.3938809 , 0.34438373,\n",
       "        0.35501441, 0.30602413, 0.30858594, 0.93190224,        nan,\n",
       "        0.        , 0.17278883],\n",
       "       [0.31672767, 0.285397  , 0.32900619, 0.32874523, 0.27925813,\n",
       "        0.28852856, 0.23991092, 0.2420803 , 0.20088602, 0.        ,\n",
       "               nan, 0.99905386],\n",
       "       [0.34795893, 0.3187759 , 0.3709605 , 0.37070234, 0.325353  ,\n",
       "        0.33466481, 0.29025155, 0.29247667, 0.52287317, 0.17278883,\n",
       "        0.99905386,        nan]])"
      ]
     },
     "execution_count": 23,
     "metadata": {},
     "output_type": "execute_result"
    }
   ],
   "source": [
    "two_tail_prob(z_stat)"
   ]
  },
  {
   "cell_type": "code",
   "execution_count": 34,
   "id": "3b0687b3",
   "metadata": {},
   "outputs": [],
   "source": [
    "def make_hypothesis_tree(detections, faunastep):\n",
    "    branches = []\n",
    "    scores = []\n",
    "\n",
    "    times = detections.time.unique()\n",
    "    times.sort()\n",
    "    \n",
    "    n_dets = len(detections)\n",
    "\n",
    "    dists = np.zeros((len(detections), len(detections)))\n",
    "    Dtime = np.zeros((len(detections), len(detections)))\n",
    "    for i in range(n_dets):\n",
    "        for j in range(n_dets):\n",
    "            dists[i, j] = np.abs(detections.loc[i][\"object_location\"] - detections.loc[j][\"object_location\"])\n",
    "            Dtime[i, j] = np.abs(detections.loc[i][\"time\"] - detections.loc[j][\"time\"])\n",
    "\n",
    "    z_stat = np.divide(dists,faunastep*Dtime)\n",
    "    probz = two_tail_prob(z_stat)\n",
    "    \n",
    "    # todo:\n",
    "    #     pre-generate probabilities between all the detections\n",
    "\n",
    "    # go through each timestep\n",
    "    for t in times:\n",
    "        print(\"timestep: {}\".format(t))\n",
    "\n",
    "        # get all detections made at that timestep\n",
    "        det_t = detections[detections[\"time\"] == t]\n",
    "\n",
    "        # make some lists to fill\n",
    "        new_branches = []\n",
    "        new_scores = []\n",
    "\n",
    "        # iterate over the detections\n",
    "        for i, d in det_t.iterrows():\n",
    "#             print(d[\"id\"])\n",
    "            if t == 0:\n",
    "                new_br = np.array([d[\"id\"]])\n",
    "                new_score = 1\n",
    "\n",
    "                new_branches.append(new_br)\n",
    "                new_scores.append(new_score)\n",
    "\n",
    "            else:\n",
    "                # create new vector (case where this detection is a new individual)\n",
    "                new_br = np.empty(t + 1)\n",
    "                new_br[:] = np.NaN\n",
    "                new_br[t] = d[\"id\"]\n",
    "\n",
    "                # add this to the new branches for this timestep\n",
    "                new_branches.append(new_br)\n",
    "\n",
    "                # add a score (of zero) for this case\n",
    "                new_scores.append(1)\n",
    "\n",
    "                # iterate over existing branches\n",
    "                for i, br in enumerate(branches):\n",
    "                    # get the id of the last detection in the current branch\n",
    "                    last_detection = np.array(br)[np.logical_not(np.isnan(br))][-1]\n",
    "\n",
    "                    # case where this is a repeat of the last observed\n",
    "                    new_br_repeat = np.append(br, d[\"id\"])\n",
    "                    new_branches.append(new_br_repeat)\n",
    "\n",
    "                    # calculate score\n",
    "#                     scr = calc_score_row(detections[detections[\"id\"] == last_detection], d, faunastep)\n",
    "                    \n",
    "                    scr = probz[int(last_detection), int(d[\"id\"])]\n",
    "\n",
    "                    #                 print(len(scores), len(new_scores))\n",
    "                    new_scores.append(scores[i] + scr)\n",
    "\n",
    "                    # case where it's not\n",
    "                    new_br_no_repeat = np.append(br, np.NaN)\n",
    "                    new_branches.append(new_br_no_repeat)\n",
    "\n",
    "                    new_scores.append(scores[i] + 1 - scr)\n",
    "\n",
    "            branches = new_branches\n",
    "            scores = new_scores\n",
    "    return branches, scores\n"
   ]
  },
  {
   "cell_type": "code",
   "execution_count": 36,
   "id": "9dc5b8b5",
   "metadata": {},
   "outputs": [],
   "source": [
    "def make_hypothesis_tree_noscore(detections, faunastep):\n",
    "    branches = []\n",
    "#     scores = []\n",
    "\n",
    "    times = detections.time.unique()\n",
    "    times.sort()\n",
    "\n",
    "    # todo:\n",
    "    #     pre-generate probabilities between all the detections\n",
    "\n",
    "    # go through each timestep\n",
    "    for t in times:\n",
    "        print(\"timestep: {}\".format(t))\n",
    "\n",
    "        # get all detections made at that timestep\n",
    "        det_t = detections[detections[\"time\"] == t]\n",
    "\n",
    "        # make some lists to fill\n",
    "        new_branches = []\n",
    "#         new_scores = []\n",
    "\n",
    "        # iterate over the detections\n",
    "        for i, d in det_t.iterrows():\n",
    "#             print(d[\"id\"])\n",
    "            if t == 0:\n",
    "                new_br = np.array([d[\"id\"]])\n",
    "#                 new_score = 1\n",
    "\n",
    "                new_branches.append(new_br)\n",
    "#                 new_scores.append(new_score)\n",
    "\n",
    "            else:\n",
    "                # create new vector (case where this detection is a new individual)\n",
    "                new_br = np.empty(t + 1)\n",
    "                new_br[:] = np.NaN\n",
    "                new_br[t] = d[\"id\"]\n",
    "\n",
    "                # add this to the new branches for this timestep\n",
    "                new_branches.append(new_br)\n",
    "\n",
    "                # add a score (of zero) for this case\n",
    "#                 new_scores.append(1)\n",
    "\n",
    "                # iterate over existing branches\n",
    "                for i, br in enumerate(branches):\n",
    "                    # get the id of the last detection in the current branch\n",
    "                    last_detection = np.array(br)[np.logical_not(np.isnan(br))][-1]\n",
    "\n",
    "                    # case where this is a repeat of the last observed\n",
    "                    new_br_repeat = np.append(br, d[\"id\"])\n",
    "                    new_branches.append(new_br_repeat)\n",
    "\n",
    "                    # calculate score\n",
    "#                     scr = calc_score_row(detections[detections[\"id\"] == last_detection], d, faunastep)\n",
    "                    \n",
    "#                     scr = probz[int(last_detection), int(d[\"id\"])]\n",
    "\n",
    "                    #                 print(len(scores), len(new_scores))\n",
    "#                     new_scores.append(scores[i] + scr)\n",
    "\n",
    "                    # case where it's not\n",
    "                    new_br_no_repeat = np.append(br, np.NaN)\n",
    "                    new_branches.append(new_br_no_repeat)\n",
    "\n",
    "#                     new_scores.append(scores[i] + 1 - scr)\n",
    "\n",
    "            branches = new_branches\n",
    "#             scores = new_scores\n",
    "    return branches\n"
   ]
  },
  {
   "cell_type": "code",
   "execution_count": 37,
   "id": "0f0a97f7",
   "metadata": {},
   "outputs": [
    {
     "name": "stdout",
     "output_type": "stream",
     "text": [
      "timestep: 0\n",
      "timestep: 1\n",
      "timestep: 4\n"
     ]
    },
    {
     "ename": "KeyboardInterrupt",
     "evalue": "",
     "output_type": "error",
     "traceback": [
      "\u001b[0;31m---------------------------------------------------------------------------\u001b[0m",
      "\u001b[0;31mKeyboardInterrupt\u001b[0m                         Traceback (most recent call last)",
      "\u001b[0;32m<ipython-input-37-e44e0fe3a9e0>\u001b[0m in \u001b[0;36m<module>\u001b[0;34m\u001b[0m\n\u001b[0;32m----> 1\u001b[0;31m \u001b[0mb\u001b[0m\u001b[0;34m,\u001b[0m \u001b[0ms\u001b[0m\u001b[0;34m=\u001b[0m \u001b[0mmake_hypothesis_tree_noscore\u001b[0m\u001b[0;34m(\u001b[0m\u001b[0mdetections\u001b[0m\u001b[0;34m,\u001b[0m \u001b[0mfaunastep\u001b[0m\u001b[0;34m)\u001b[0m\u001b[0;34m\u001b[0m\u001b[0;34m\u001b[0m\u001b[0m\n\u001b[0m",
      "\u001b[0;32m<ipython-input-36-9dc24f83113c>\u001b[0m in \u001b[0;36mmake_hypothesis_tree_noscore\u001b[0;34m(detections, faunastep)\u001b[0m\n\u001b[1;32m     45\u001b[0m                 \u001b[0;32mfor\u001b[0m \u001b[0mi\u001b[0m\u001b[0;34m,\u001b[0m \u001b[0mbr\u001b[0m \u001b[0;32min\u001b[0m \u001b[0menumerate\u001b[0m\u001b[0;34m(\u001b[0m\u001b[0mbranches\u001b[0m\u001b[0;34m)\u001b[0m\u001b[0;34m:\u001b[0m\u001b[0;34m\u001b[0m\u001b[0;34m\u001b[0m\u001b[0m\n\u001b[1;32m     46\u001b[0m                     \u001b[0;31m# get the id of the last detection in the current branch\u001b[0m\u001b[0;34m\u001b[0m\u001b[0;34m\u001b[0m\u001b[0;34m\u001b[0m\u001b[0m\n\u001b[0;32m---> 47\u001b[0;31m                     \u001b[0mlast_detection\u001b[0m \u001b[0;34m=\u001b[0m \u001b[0mnp\u001b[0m\u001b[0;34m.\u001b[0m\u001b[0marray\u001b[0m\u001b[0;34m(\u001b[0m\u001b[0mbr\u001b[0m\u001b[0;34m)\u001b[0m\u001b[0;34m[\u001b[0m\u001b[0mnp\u001b[0m\u001b[0;34m.\u001b[0m\u001b[0mlogical_not\u001b[0m\u001b[0;34m(\u001b[0m\u001b[0mnp\u001b[0m\u001b[0;34m.\u001b[0m\u001b[0misnan\u001b[0m\u001b[0;34m(\u001b[0m\u001b[0mbr\u001b[0m\u001b[0;34m)\u001b[0m\u001b[0;34m)\u001b[0m\u001b[0;34m]\u001b[0m\u001b[0;34m[\u001b[0m\u001b[0;34m-\u001b[0m\u001b[0;36m1\u001b[0m\u001b[0;34m]\u001b[0m\u001b[0;34m\u001b[0m\u001b[0;34m\u001b[0m\u001b[0m\n\u001b[0m\u001b[1;32m     48\u001b[0m \u001b[0;34m\u001b[0m\u001b[0m\n\u001b[1;32m     49\u001b[0m                     \u001b[0;31m# case where this is a repeat of the last observed\u001b[0m\u001b[0;34m\u001b[0m\u001b[0;34m\u001b[0m\u001b[0;34m\u001b[0m\u001b[0m\n",
      "\u001b[0;31mKeyboardInterrupt\u001b[0m: "
     ]
    }
   ],
   "source": [
    "b, s= make_hypothesis_tree_noscore(detections, faunastep)"
   ]
  },
  {
   "cell_type": "code",
   "execution_count": null,
   "id": "f033aa87",
   "metadata": {},
   "outputs": [],
   "source": []
  }
 ],
 "metadata": {
  "kernelspec": {
   "display_name": "Python 3",
   "language": "python",
   "name": "python3"
  },
  "language_info": {
   "codemirror_mode": {
    "name": "ipython",
    "version": 3
   },
   "file_extension": ".py",
   "mimetype": "text/x-python",
   "name": "python",
   "nbconvert_exporter": "python",
   "pygments_lexer": "ipython3",
   "version": "3.6.9"
  }
 },
 "nbformat": 4,
 "nbformat_minor": 5
}
